0 0.829937 0.611944 0.072109 0.066417
0 0.507684 0.461167 0.041914 0.037528
0 0.423598 0.418389 0.037430 0.037639
0 0.296613 0.462687 0.043664 0.043708
0 0.433910 0.895472 0.100617 0.197028
0 0.336262 0.427639 0.022789 0.025556
0 0.853703 0.947153 0.112312 0.105694
0 0.566551 0.448243 0.041133 0.031514
0 0.252234 0.405056 0.027172 0.025694
0 0.668027 0.518806 0.042852 0.051583
0 0.984578 0.640521 0.030172 0.084458
0 0.562418 0.488139 0.044195 0.045028
0 0.345262 0.493243 0.041586 0.041347
0 0.858750 0.707243 0.102906 0.101319
0 0.633105 0.560965 0.052633 0.050597
0 0.239922 0.519500 0.040984 0.059917
0 0.598297 0.641604 0.070859 0.085792
0 0.308500 0.531264 0.044453 0.076139
0 0.381039 0.627833 0.051437 0.078583
0 0.274715 0.842021 0.085086 0.141847
