0 0.415684 0.703583 0.064258 0.122583
0 0.245098 0.979076 0.100867 0.041847
0 0.472578 0.449778 0.040062 0.036472
0 0.763230 0.536222 0.058617 0.054472
0 0.974125 0.634097 0.051125 0.112639
0 0.448391 0.586951 0.055172 0.077153
0 0.668648 0.750986 0.089375 0.120083
0 0.876266 0.734042 0.103781 0.108528
0 0.398199 0.431076 0.032023 0.027569
0 0.271023 0.482583 0.039312 0.051722
0 0.569586 0.457528 0.041453 0.041111
0 0.577934 0.489819 0.046242 0.046417
0 0.917773 0.554042 0.073172 0.066944
0 0.429941 0.425951 0.036148 0.033292
0 0.309016 0.426285 0.023328 0.016292
0 0.299777 0.407375 0.032836 0.018861
0 0.202012 0.422799 0.023883 0.021264
0 0.198004 0.476389 0.018102 0.036806
0 0.237648 0.403417 0.024625 0.029528
0 0.302672 0.445049 0.036094 0.038375
0 0.214555 0.500618 0.033797 0.040681
0 0.293520 0.592201 0.046086 0.072458
0 0.323773 0.478958 0.042141 0.050972
