0 0.296684 0.689090 0.059711 0.127708
0 0.584242 0.804778 0.086219 0.151389
0 0.322922 0.863528 0.088359 0.156972
0 0.763793 0.642076 0.076977 0.094125
0 0.374609 0.598097 0.060453 0.112778
0 0.585934 0.615306 0.066102 0.096611
0 0.699164 0.759104 0.095672 0.119597
0 0.471148 0.608535 0.053812 0.092486
0 0.211652 0.496167 0.036805 0.049833
0 0.271555 0.579611 0.042172 0.070889
0 0.395758 0.527889 0.047000 0.053583
0 0.256984 0.551000 0.039359 0.050778
0 0.684379 0.500056 0.056117 0.057083
0 0.303656 0.516167 0.042609 0.055889
0 0.563246 0.511139 0.052977 0.051361
0 0.943656 0.792083 0.093922 0.115056
0 0.660430 0.575167 0.058156 0.060833
0 0.734457 0.494938 0.052133 0.048458
0 0.477387 0.525458 0.059602 0.078056
