0 0.358230 0.580910 0.051242 0.068597
0 0.713852 0.596424 0.084141 0.086875
0 0.588262 0.651382 0.075180 0.097792
0 0.574441 0.490118 0.048180 0.045931
0 0.274852 0.544667 0.041656 0.055167
0 0.780672 0.582194 0.066187 0.066389
0 0.664773 0.491535 0.047031 0.045542
0 0.513066 0.468132 0.041523 0.040125
0 0.819762 0.543007 0.084117 0.073792
0 0.440449 0.436757 0.038602 0.032847
0 0.396070 0.442819 0.036703 0.035250
0 0.510121 0.432111 0.039883 0.028472
0 0.317676 0.480201 0.039711 0.040431
0 0.251770 0.452437 0.035430 0.035292
0 0.305027 0.448951 0.045977 0.035653
0 0.209781 0.470931 0.035437 0.083667
0 0.615035 0.532681 0.060992 0.065806
