0 0.658367 0.566132 0.074937 0.081236
0 0.965246 0.569792 0.069180 0.076500
0 0.357668 0.499028 0.040273 0.051194
0 0.818895 0.604757 0.069414 0.070236
0 0.387617 0.629361 0.057609 0.099583
0 0.521352 0.694451 0.071234 0.092431
0 0.696359 0.796292 0.106078 0.131778
0 0.437566 0.862979 0.103742 0.208292
0 0.531438 0.474903 0.051812 0.040472
0 0.440574 0.440917 0.030633 0.024667
0 0.436484 0.464264 0.029531 0.027694
0 0.235828 0.513847 0.039016 0.048222
0 0.496023 0.484931 0.040906 0.034306
0 0.291691 0.492549 0.045586 0.049681
0 0.484812 0.432486 0.041562 0.038194
0 0.949500 0.781556 0.100406 0.125722
0 0.580789 0.443389 0.040297 0.034583
0 0.371363 0.423687 0.031445 0.028097
0 0.237902 0.430222 0.030477 0.027972
