0 0.610043 0.662326 0.070227 0.087431
0 0.429707 0.504021 0.041711 0.043069
0 0.290145 0.460500 0.033570 0.031833
0 0.217625 0.460896 0.031781 0.032625
0 0.473672 0.472410 0.040734 0.046208
0 0.566086 0.522535 0.045703 0.041458
0 0.495363 0.448521 0.032273 0.030319
0 0.417473 0.436986 0.034070 0.040667
0 0.372074 0.424958 0.035961 0.039417
0 0.401047 0.652028 0.057016 0.084694
0 0.551172 0.717111 0.080500 0.139167
0 0.427984 0.781257 0.076438 0.156292
0 0.830066 0.693139 0.086727 0.090500
0 0.338027 0.557361 0.043586 0.065972
0 0.417785 0.555764 0.048352 0.062056
0 0.798816 0.585694 0.074633 0.079972
0 0.502691 0.543597 0.059102 0.082639
0 0.668629 0.570799 0.061414 0.067014
0 0.288984 0.501972 0.039828 0.048944
0 0.372738 0.508097 0.045742 0.050778
0 0.619340 0.474924 0.048852 0.050208
0 0.812344 0.873132 0.147312 0.177847
0 0.956164 0.692007 0.086625 0.102403
0 0.562223 0.483972 0.047461 0.041722
