0 0.288203 0.689840 0.059859 0.089903
0 0.387453 0.448875 0.029188 0.025167
0 0.370047 0.408778 0.030437 0.030250
0 0.403344 0.687069 0.058703 0.098972
0 0.263234 0.799049 0.080063 0.132875
0 0.587980 0.622840 0.073148 0.104403
0 0.489527 0.636979 0.057336 0.078903
0 0.867355 0.634264 0.079742 0.076806
0 0.291648 0.500757 0.039187 0.046458
0 0.234164 0.517132 0.038891 0.050542
0 0.346430 0.558167 0.048516 0.069639
0 0.480312 0.583500 0.058984 0.060833
0 0.601109 0.495639 0.048391 0.053778
0 0.394504 0.530229 0.046227 0.051264
0 0.702520 0.483813 0.049570 0.047653
0 0.578965 0.437500 0.047383 0.044972
0 0.533543 0.498556 0.049352 0.039750
0 0.534215 0.467583 0.041539 0.033806
0 0.282008 0.459229 0.035750 0.033542
0 0.462727 0.450347 0.037016 0.036361
