0 0.299797 0.731250 0.064219 0.104694
0 0.382125 0.646910 0.055141 0.078431
0 0.832492 0.600042 0.093187 0.099306
0 0.259738 0.547319 0.044164 0.072083
0 0.397656 0.534819 0.046813 0.065361
0 0.870168 0.719812 0.098523 0.088764
0 0.377805 0.475181 0.042234 0.046028
0 0.204574 0.489167 0.032258 0.042500
0 0.976980 0.580986 0.045523 0.082611
0 0.216375 0.970313 0.103594 0.059375
0 0.651844 0.496479 0.078172 0.106292
0 0.248910 0.471403 0.033273 0.046083
0 0.688574 0.585104 0.060133 0.074875
0 0.457809 0.428840 0.032086 0.030347
0 0.720391 0.482021 0.048531 0.047875
0 0.299648 0.416889 0.034703 0.033167
0 0.479480 0.977299 0.119258 0.045403
0 0.413270 0.448090 0.034195 0.036097
0 0.389609 0.430458 0.027922 0.026944
0 0.566387 0.623382 0.061602 0.074375
0 0.530418 0.470215 0.039805 0.042486
