0 0.819410 0.525625 0.181961 0.161861
0 0.343172 0.554917 0.048328 0.071083
0 0.212145 0.481875 0.039930 0.046278
0 0.449016 0.441264 0.040594 0.041722
0 0.529406 0.498840 0.043500 0.043097
0 0.383547 0.413799 0.035203 0.036042
0 0.606973 0.534271 0.051523 0.052014
0 0.351559 0.427083 0.028508 0.034639
0 0.242426 0.440174 0.033992 0.036764
0 0.575199 0.464688 0.043273 0.042986
0 0.342719 0.500701 0.047016 0.051958
0 0.672391 0.934896 0.137109 0.127181
0 0.228352 0.912653 0.119188 0.173389
0 0.683324 0.742799 0.086383 0.112486
0 0.276910 0.589486 0.048023 0.069500
0 0.511805 0.662653 0.078016 0.107944
0 0.447016 0.930965 0.098406 0.134125
0 0.285582 0.693778 0.061586 0.106111
0 0.551766 0.790868 0.082203 0.137653
0 0.402242 0.649979 0.063500 0.091597
