0 0.676523 0.515792 0.072250 0.079083
0 0.727355 0.514375 0.051883 0.060889
0 0.417148 0.719264 0.072453 0.130167
0 0.508004 0.663750 0.068648 0.098361
0 0.809777 0.682278 0.087383 0.092028
0 0.604215 0.899833 0.100789 0.150222
0 0.970605 0.695417 0.058242 0.106111
0 0.284816 0.667132 0.051664 0.096181
0 0.747918 0.409576 0.032570 0.037486
0 0.618723 0.541326 0.054758 0.062014
0 0.396508 0.527014 0.048641 0.063972
0 0.528895 0.574285 0.057117 0.062958
0 0.313547 0.517549 0.045891 0.057958
0 0.272762 0.596299 0.049836 0.070736
0 0.512613 0.456646 0.046039 0.038514
0 0.505031 0.485146 0.043469 0.035514
0 0.416086 0.445431 0.038359 0.036222
