0 0.890648 0.539007 0.076750 0.070764
0 0.294434 0.797743 0.074602 0.148431
0 0.505395 0.670049 0.066961 0.107764
0 0.389348 0.628493 0.051758 0.088319
0 0.288187 0.640632 0.053531 0.097153
0 0.570453 0.464174 0.043328 0.032319
0 0.462125 0.444229 0.043328 0.033708
0 0.420727 0.411903 0.092078 0.072222
0 0.547047 0.417062 0.104844 0.079792
0 0.576063 0.493063 0.045266 0.037819
0 0.267922 0.424139 0.033828 0.050444
0 0.615629 0.543618 0.044117 0.042792
0 0.464559 0.469840 0.028602 0.035208
0 0.246539 0.463285 0.039047 0.059597
0 0.670270 0.467875 0.055727 0.043694
0 0.679125 0.502257 0.052203 0.043958
0 0.392328 0.523535 0.045984 0.048153
0 0.781059 0.532472 0.063039 0.072167
0 0.328738 0.540806 0.044086 0.061278
0 0.445441 0.574000 0.052945 0.064083
