0 0.788770 0.660375 0.079055 0.083611
0 0.469004 0.530472 0.046992 0.051472
0 0.947867 0.792972 0.103656 0.117556
0 0.658438 0.573569 0.058547 0.056917
0 0.379363 0.648799 0.057742 0.086819
0 0.252070 0.522667 0.038094 0.058222
0 0.544742 0.454486 0.117437 0.136944
0 0.439980 0.892417 0.118336 0.199611
0 0.594051 0.527597 0.050852 0.056444
0 0.398023 0.488319 0.040984 0.043083
0 0.345594 0.489292 0.043625 0.050028
0 0.376434 0.432347 0.037414 0.036444
0 0.464430 0.449604 0.035125 0.035375
0 0.691445 0.537271 0.054500 0.040708
0 0.718164 0.509153 0.037156 0.036000
0 0.847059 0.924611 0.150555 0.146333
0 0.226543 0.457403 0.037461 0.049361
0 0.789656 0.585847 0.065594 0.067583
0 0.832230 0.559576 0.053383 0.052764
0 0.270922 0.490875 0.036516 0.041028
